104
-2147483648 -2147483648
-2147483648 2147483647
2147483647 -2147483648
2147483647 2147483647
-653119240 1572149665
-1681261062 -335044976
-971996661 2024644167
1291710371 2135602724
150101321 604879979
1590825941 -530879585
626356096 -880754951
498269131 -777747117
722703778 -1212606426
1976120056 -1993987759
1068032041 1824356438
-1485761614 1507721487
1949233124 -104986081
1769501231 -2115899079
143727770 -514420372
-933638950 202366448
1548625129 1499354463
399037091 598085290
-1834980082 -1854931571
1596194820 1719658651
206026915 2026843996
-1984373047 2101599304
156707023 -484885385
-1029740433 -683532815
1940816107 -20184089
-536456814 -2024677323
-2120516169 945298869
387892989 -1530692454
894187867 1159261687
158646972 -122467713
-1270260904 565947089
1509597863 -1164629415
-1666032474 -1883247457
-2093118398 820592430
1908075372 -1699667766
15022177 -2087220801
-477766825 -1142399551
-1000412856 -1861953464
-728827753 -638771583
-631162803 1137634704
-476492352 2076993617
-75771466 -38822118
-690306739 441664787
1501411899 1492769814
1168211392 1680348689
184392823 -808399061
-1364255485 -245977546
1658733328 -2094180230
274080761 2103718822
-1770375316 1191438486
1290612534 112378367
-1735983340 -554262611
-1092305979 1330466551
-1107573449 -1910011493
344638027 2105976823
919543254 -745467755
-1047705595 297044476
-1080872743 -410774995
1759908519 -856323379
-2043892287 178196018
-932913611 1262477604
1201324475 1612020479
-1551861257 -1272131373
1599420203 -878688404
555768756 -652014094
-997032745 -410458560
-680060631 -1506905787
-1935476789 -105855790
2016948363 191283733
-274240461 994972510
-1434793245 384101763
2064054408 -833866768
-319082216 2144055382
-1919382222 -1656296701
-1413219499 -2067366837
182433995 -100529608
-2101338992 -1149798003
-419880146 644119379
-990425386 838352062
-444935929 629062488
134513446 -1939730354
1477111976 901527925
1097898631 1550283214
-346866833 757808958
-18098034 -1433537729
1679067063 1834785975
-1307808881 -758747568
-799243457 561942701
-1073684130 -1938877261
-287125792 -471635444
-33440653 -2139470656
2039429279 -1479756902
1116889000 -581435515
1641074907 -2091921245
1491693588 -239871759
712178749 74133975
-1529912561 1250965448
-1629759379 1025180239
-704511498 283260103
1765426514 473043700